       0/9     1.71G    0.0328    0.0132   0.01895   0.06495         4       640         0         0         0         0         0         0         0
       1/9     1.89G   0.03751   0.01214   0.01875    0.0684         4       640         0         0         0         0         0         0         0
       2/9     1.89G    0.0389   0.01241   0.01686   0.06817         1       640         0         0         0         0         0         0         0
       3/9     1.89G   0.03085   0.01031   0.01407   0.05523         1       640    0.1509         1     0.796    0.4347   0.02854  0.006283   0.03046
       4/9     1.93G   0.03517   0.01174   0.01678   0.06369         0       640    0.1461         1     0.796    0.4777   0.02877  0.006119   0.03002
       5/9     1.93G   0.03171   0.01318   0.01773   0.06262         2       640    0.1417         1     0.796    0.4114   0.02849  0.006064   0.02982
       6/9     1.93G   0.03195   0.01205   0.01484   0.05884         1       640    0.1628         1     0.796    0.4446   0.02743  0.005969    0.0295
       7/9     1.93G   0.04166   0.01288   0.02113   0.07568         1       640    0.1731         1     0.796    0.4777   0.02789  0.005989   0.02937
       8/9     1.93G   0.03503   0.01229    0.0261   0.07342         1       640    0.1915         1     0.796    0.4114   0.02789  0.005874   0.02921
       9/9     1.93G   0.03782   0.01002   0.02285   0.07069         4       640    0.1858         1     0.796    0.4777   0.02797   0.00594   0.02888
      0/99     6.13G   0.08866    0.4397   0.07744    0.6058       150       640         0         0         0         0         0         0         0
      1/99      6.2G   0.08426    0.4304   0.08515    0.5998       158       640         0         0         0         0         0         0         0
      2/99      6.2G    0.0793    0.3056   0.08285    0.4677       104       640         0         0         0         0         0         0         0
      3/99      6.2G   0.09305    0.5054    0.0818    0.6802       204       640    0.2622   0.03185    0.1467    0.0673   0.07618     0.396    0.1072
      4/99     6.19G   0.08381      0.43   0.08376    0.5976       157       640    0.2778   0.03705    0.1413   0.06432   0.07584    0.3965    0.1062
      5/99     6.19G   0.09335    0.4166   0.08208    0.5921       179       640    0.2974   0.04358    0.1267   0.04855   0.07547    0.3863    0.1063
      6/99     6.19G   0.08369    0.3684    0.0818    0.5339       144       640    0.3172   0.05018    0.1371   0.04942   0.07374    0.3843    0.1051
      7/99     6.19G   0.08537    0.4527   0.08079    0.6188       179       640    0.3367   0.05781    0.1368    0.0514    0.0726    0.3847    0.1043
      8/99     6.19G   0.08058    0.3856   0.09251    0.5586       159       640    0.3542    0.0695    0.1601   0.07119   0.06963     0.383    0.1032
      9/99     6.19G   0.07883    0.4536   0.08495    0.6174       187       640    0.3579    0.0719    0.1722   0.07641   0.06764    0.3846    0.1023
     10/99     6.19G   0.08754     0.553   0.07593    0.7164       229       640    0.3837   0.09298    0.1703   0.07985   0.06452    0.3786    0.1007
     11/99     6.19G   0.08169    0.4339   0.08042     0.596       177       640    0.3573    0.1111    0.1692   0.07472   0.06083    0.3656   0.09857
     12/99     6.19G    0.0805     0.488   0.07523    0.6438       217       640    0.2528    0.1111    0.1772   0.08869   0.05698    0.3495   0.09381
     13/99     6.19G   0.08229    0.3952   0.07316    0.5507       151       640    0.2322    0.1111    0.1982   0.09754   0.05467    0.3425   0.09065
     14/99     6.19G   0.07949    0.4206   0.08378    0.5838       189       640    0.2408    0.1667     0.204   0.09906   0.05296    0.3438   0.08819
     15/99     6.19G   0.07859    0.3715   0.07291     0.523       173       640    0.2408    0.1667     0.204   0.09906   0.05296    0.3438   0.08819
     16/99     6.19G    0.0822    0.3535   0.07632     0.512       133       640    0.1923    0.1667    0.2036   0.09863   0.05063    0.3515   0.08508
     17/99     6.19G   0.06445    0.3017    0.0787    0.4448       175       640    0.1923    0.1667    0.2036   0.09863   0.05063    0.3515   0.08508
     18/99     6.19G   0.07742    0.3352   0.07824    0.4908       144       640    0.1687    0.1944     0.202   0.09581   0.04755    0.3638   0.08168
     19/99     6.19G   0.07221    0.3437   0.07975    0.4956       159       640    0.1687    0.1944     0.202   0.09581   0.04755    0.3638   0.08168
     20/99     6.19G   0.07325    0.3838   0.07621    0.5332       160       640    0.2267    0.3056    0.2228   0.09857    0.0454    0.3762   0.07859
     21/99     6.19G   0.07089    0.3112   0.07486    0.4569       151       640    0.2267    0.3056    0.2228   0.09857    0.0454    0.3762   0.07859
     22/99     6.19G   0.07095    0.3589    0.0726    0.5024       173       640    0.1642    0.3056    0.2178    0.1036   0.04364    0.3915   0.07503
     23/99     6.19G   0.06573    0.3519   0.07751    0.4952       165       640    0.1642    0.3056    0.2178    0.1036   0.04364    0.3915   0.07503
     24/99     6.19G   0.07618    0.3428   0.07513    0.4941       163       640    0.1488    0.3333     0.217    0.1006   0.04273    0.4009   0.07212
     25/99     6.19G   0.06323    0.3685    0.0778    0.5095       188       640    0.1488    0.3333     0.217    0.1006   0.04273    0.4009   0.07212
     26/99     6.19G   0.07465    0.3651   0.07395    0.5137       160       640    0.1521    0.3333    0.2313    0.1106   0.04259    0.4078   0.07023
     27/99     6.19G   0.06417    0.2522   0.07782    0.3942       123       640    0.1521    0.3333    0.2313    0.1106   0.04259    0.4078   0.07023
     28/99     6.19G   0.06284    0.3327   0.07544     0.471       178       640    0.1312    0.3611    0.2347    0.1332   0.04263    0.4217   0.06751
     29/99     6.19G   0.05925     0.248   0.07638    0.3836       129       640    0.1312    0.3611    0.2347    0.1332   0.04263    0.4217   0.06751
     30/99     6.19G   0.06815    0.3818   0.07264    0.5226       168       640    0.1402    0.3889     0.247     0.136   0.04375    0.4228   0.06567
     31/99     6.19G   0.05529    0.2261   0.07955    0.3609       112       640    0.1402    0.3889     0.247     0.136   0.04375    0.4228   0.06567
     32/99     6.19G   0.06321    0.2709    0.0743    0.4084       152       640    0.1282    0.4167    0.2449    0.1348   0.04356    0.4319   0.06311
     33/99     6.19G   0.06178    0.2899   0.07638    0.4281       155       640    0.1282    0.4167    0.2449    0.1348   0.04356    0.4319   0.06311
     34/99     6.19G   0.06792    0.4249   0.07044    0.5632       206       640    0.1317    0.4167    0.2587    0.1378    0.0443     0.438   0.06078
     35/99     6.19G   0.06286    0.2712   0.06837    0.4024       125       640    0.1317    0.4167    0.2587    0.1378    0.0443     0.438   0.06078
     36/99     6.19G   0.05588    0.2644   0.07473    0.3951       144       640    0.1246    0.4444    0.2466    0.1348   0.04391    0.4329   0.05866
     37/99     6.19G    0.0549    0.2688   0.06943    0.3932       151       640    0.1246    0.4444    0.2466    0.1348   0.04391    0.4329   0.05866
     38/99     6.19G   0.06406     0.339   0.06645    0.4695       210       640    0.1162    0.4722    0.2765    0.1293   0.04186    0.4309   0.05639
     39/99     6.19G     0.059    0.2734   0.07322    0.4056       153       640    0.1162    0.4722    0.2765    0.1293   0.04186    0.4309   0.05639
     40/99     6.19G   0.05935    0.2352   0.07245     0.367       131       640    0.1183    0.4722    0.2787    0.1384    0.0416    0.4225   0.05458
     41/99     6.19G   0.06072    0.3258   0.07045    0.4569       186       640    0.1183    0.4722    0.2787    0.1384    0.0416    0.4225   0.05458
     42/99     6.19G   0.05959    0.2414   0.06996     0.371       120       640    0.1091    0.4722    0.2881    0.1426   0.04157     0.413   0.05291
     43/99     6.19G   0.05716    0.2264   0.06853     0.352       126       640    0.1091    0.4722    0.2881    0.1426   0.04157     0.413   0.05291
     44/99     6.19G   0.05874    0.3427   0.07259     0.474       216       640    0.1091    0.4722    0.2881    0.1426   0.04157     0.413   0.05291
     45/99     6.19G   0.05831    0.3088   0.06895    0.4361       204       640    0.1053       0.5    0.3134    0.1497   0.04081    0.4046   0.05118
     46/99     6.19G     0.055    0.2202   0.06895    0.3442       116       640    0.1053       0.5    0.3134    0.1497   0.04081    0.4046   0.05118
     47/99     6.19G   0.06677    0.3444   0.06317    0.4743       206       640    0.1053       0.5    0.3134    0.1497   0.04081    0.4046   0.05118
     48/99     6.19G   0.05946    0.3081   0.06621    0.4338       175       640    0.1068       0.5    0.3233     0.152   0.03982    0.3959   0.04972
     49/99     6.19G    0.0483    0.2149   0.06864    0.3319       124       640    0.1068       0.5    0.3233     0.152   0.03982    0.3959   0.04972
     50/99     6.19G   0.05766    0.2594   0.06288    0.3799       155       640    0.1068       0.5    0.3233     0.152   0.03982    0.3959   0.04972
     51/99     6.19G   0.05968    0.1967   0.06986    0.3262       105       640    0.1022       0.5    0.3377     0.136   0.03945    0.3869   0.04847
     52/99     6.19G   0.05585    0.2581   0.06431    0.3783       137       640    0.1022       0.5    0.3377     0.136   0.03945    0.3869   0.04847
     53/99     6.19G    0.0514    0.2913   0.06436    0.4071       203       640    0.1022       0.5    0.3377     0.136   0.03945    0.3869   0.04847
     54/99     6.19G   0.05494    0.2623   0.06506    0.3823       170       640     0.103       0.5    0.3336    0.1339   0.03945    0.3777   0.04819
     55/99     6.19G   0.05545    0.2496    0.0651    0.3702       128       640     0.103       0.5    0.3336    0.1339   0.03945    0.3777   0.04819
     56/99     6.19G   0.05574    0.3095   0.06328    0.4286       193       640     0.103       0.5    0.3336    0.1339   0.03945    0.3777   0.04819
     57/99     6.19G   0.05747    0.2562   0.06427     0.378       155       640    0.1055       0.5    0.3278     0.138   0.03914    0.3582   0.04777
     58/99     6.19G   0.05474    0.2489   0.06625    0.3699       137       640    0.1055       0.5    0.3278     0.138   0.03914    0.3582   0.04777
     59/99     6.19G   0.05544    0.2921   0.06358    0.4111       162       640    0.1055       0.5    0.3278     0.138   0.03914    0.3582   0.04777
     60/99     6.19G   0.05954    0.2415   0.06282    0.3639       150       640    0.1052       0.5     0.313    0.1252   0.03955    0.3417   0.04726
     61/99     6.19G   0.05887     0.254   0.06357    0.3764       192       640    0.1052       0.5     0.313    0.1252   0.03955    0.3417   0.04726
     62/99     6.19G   0.05623    0.2371    0.0628    0.3561       123       640    0.1052       0.5     0.313    0.1252   0.03955    0.3417   0.04726
     63/99     6.19G   0.05542    0.2258   0.06577     0.347       176       640    0.1021       0.5    0.3103    0.1327   0.04157    0.3312    0.0466
     64/99     6.19G   0.05757    0.2922   0.05706    0.4068       195       640    0.1021       0.5    0.3103    0.1327   0.04157    0.3312    0.0466
     65/99     6.19G   0.05372     0.254   0.06185    0.3696       173       640    0.1021       0.5    0.3103    0.1327   0.04157    0.3311    0.0466
     66/99     6.19G   0.05718     0.219   0.06362    0.3398       118       640    0.1051       0.5    0.2915    0.1193    0.0418    0.3166   0.04632
     67/99     6.19G   0.06069     0.287   0.06152    0.4092       151       640    0.1051       0.5    0.2915    0.1193    0.0418    0.3166   0.04632
     68/99     6.19G   0.05412    0.1943    0.0621    0.3105       123       640    0.1051       0.5    0.2915    0.1193    0.0418    0.3166   0.04632
     69/99     6.19G    0.0487     0.276   0.06048    0.3852       186       640    0.1005       0.5    0.2896     0.124   0.04261    0.3128     0.046
     70/99     6.19G   0.05144    0.2536   0.05691    0.3619       150       640    0.1005       0.5    0.2896     0.124   0.04261    0.3128     0.046
     71/99     6.19G   0.05805    0.2812   0.05802    0.3973       164       640    0.1005       0.5    0.2896     0.124   0.04261    0.3128     0.046
     72/99     6.19G     0.053    0.2224   0.05683    0.3322       152       640    0.1003       0.5    0.2917    0.1282   0.04243    0.3062   0.04564
     73/99     6.19G    0.0498    0.2378   0.06058    0.3482       126       640    0.1003       0.5    0.2917    0.1282   0.04243    0.3062   0.04564
     74/99     6.19G   0.05723    0.2797   0.05702    0.3939       171       640    0.1003       0.5    0.2917    0.1282   0.04243    0.3062   0.04564
     75/99     6.19G   0.05382    0.2106   0.05961     0.324       118       640    0.1003       0.5    0.2917    0.1282   0.04243    0.3062   0.04564
     76/99     6.19G   0.05043    0.2385   0.06142    0.3503       144       640    0.1076       0.5    0.2776    0.1264    0.0427    0.2948   0.04517
     77/99     6.19G   0.05692    0.2161   0.05563    0.3287       142       640    0.1076       0.5    0.2776    0.1264    0.0427    0.2948   0.04517
     78/99     6.19G   0.04885     0.176    0.0571    0.2819       107       640    0.1076       0.5    0.2776    0.1264    0.0427    0.2948   0.04517
     79/99     6.19G   0.04935    0.2407   0.05741    0.3475       159       640    0.1076       0.5    0.2776    0.1264    0.0427    0.2948   0.04517
     80/99     6.19G   0.04723    0.1962   0.05834    0.3018       124       640    0.1129       0.5    0.2772    0.1236   0.04241    0.2868   0.04522
     81/99     6.19G   0.04659    0.2312   0.05851    0.3363       136       640    0.1129       0.5    0.2772    0.1236   0.04241    0.2868   0.04522
     82/99     6.19G   0.06091    0.2258   0.06366    0.3504       120       640    0.1129       0.5    0.2772    0.1236   0.04241    0.2868   0.04522
     83/99     6.19G   0.05497      0.24     0.062     0.357       129       640    0.1129       0.5    0.2772    0.1236   0.04241    0.2868   0.04522
     84/99     6.19G    0.0537    0.2569   0.05994    0.3705       176       640     0.122       0.5    0.2911    0.1379   0.04123    0.2829   0.04505
     85/99     6.19G   0.05091    0.2311   0.05816    0.3401       137       640     0.122       0.5    0.2911    0.1379   0.04123    0.2829   0.04505
     86/99     6.19G   0.05214    0.2101   0.05634    0.3185       133       640     0.122       0.5    0.2911    0.1379   0.04123    0.2829   0.04505
     87/99     6.19G   0.05016    0.2159   0.05484    0.3209       154       640     0.122       0.5    0.2911    0.1379   0.04123    0.2829   0.04505
     88/99     6.19G   0.06222    0.2226   0.06011     0.345       105       640     0.133    0.4722    0.2988    0.1426   0.04124    0.2744   0.04496
     89/99     6.19G   0.04746    0.2197   0.05647    0.3236       152       640     0.133    0.4722    0.2988    0.1426   0.04124    0.2744   0.04496
     90/99     6.19G   0.04655    0.2242   0.05498    0.3258       153       640     0.133    0.4722    0.2988    0.1426   0.04124    0.2744   0.04496
     91/99     6.19G   0.04734    0.2332   0.05633    0.3368       158       640     0.133    0.4722    0.2988    0.1426   0.04124    0.2744   0.04496
     92/99     6.19G     0.051    0.2119   0.05484    0.3177       161       640    0.1521    0.4722    0.2965    0.1325   0.04185    0.2687   0.04523
     93/99     6.19G   0.04804    0.2183   0.05568     0.322       134       640    0.1521    0.4722    0.2965    0.1325   0.04185    0.2687   0.04523
     94/99     6.19G   0.04545    0.1946   0.05462    0.2947       134       640    0.1521    0.4722    0.2965    0.1325   0.04185    0.2687   0.04523
     95/99     6.19G   0.04827    0.2309   0.05348    0.3326       169       640    0.1521    0.4722    0.2965    0.1325   0.04185    0.2687   0.04523
     96/99     6.19G   0.05303    0.2813   0.05413    0.3884       179       640    0.1503    0.4444    0.2842    0.1298    0.0413    0.2644   0.04636
     97/99     6.19G   0.04818    0.2155   0.05421    0.3179       140       640    0.1503    0.4444    0.2842    0.1298    0.0413    0.2644   0.04636
     98/99     6.19G   0.05222    0.3042    0.0533    0.4097       219       640    0.1503    0.4444    0.2842    0.1298    0.0413    0.2644   0.04636
     99/99     6.19G   0.05022    0.2116   0.05408    0.3159       130       640    0.1503    0.4444    0.2842    0.1298    0.0413    0.2644   0.04636
